loss
0.0044330780837511805
0.0
0.0
0.0
0.0
0.0
0.0
0.0
0.0
0.0
0.0
0.0
0.0012779800433148707
0.0
0.0
0.0
0.0
0.0
0.0
0.0
0.0015218397543801463
0.0
0.0003637686482539809
0.0014037643945539876
0.0
0.0
0.0006499964357843917
0.0
0.0
0.0033450155965207766
0.000573942150153658
0.0
0.0
0.0
0.0
0.001296484794631512
0.0
0.0
0.0
0.0
0.0
0.0
7.38444264400108e-05
0.0
0.0
0.0
0.0
0.0
0.0002940989072226759
0.001551252726677282
0.0019902200936485316
0.0
0.0
0.0
0.0024326602343232176
0.0054980529145452015
0.0010324256440494644
0.0
0.0
0.0
0.0004329886298485418
0.0
0.0
0.0006238524050014062
0.0
0.0018846908599292975
0.0
0.0022514453935161185
0.0025782592711038888
0.0
0.0010171910404565858
0.00029645650878106015
0.0
0.0
0.0
0.0
0.0
0.0
0.0022430459323407145
0.0
0.00036696704538428823
0.0
0.0
0.0
7.526912874087237e-05
0.001321473934238107
0.0007031932899296177
0.0
0.0
0.0
0.0013341218291954423
0.0
0.0
0.0
0.0
0.0
0.0
0.0
0.0
0.0
